109192
109198
109242
109256
117789
213263
213266
213271
213284
213289
213291
213293
213295
213728
213778
213782
213783
213784
246770
246794
246795
246797
246799
246802
246806
246807
246808
246812
246813
246814
322532
322572
322577
322740
322794
322809
322812
322815
322826
322831
322841
322858
322859
322871
322899
322938
322940
322950
323029
323057
323106
323129
323190
323198
323201
323239
323240
323243
323245
323254
323265
323269
323270
468391
468456
468458
468459
468460
533677
533681
533682
533683
533686
533690
533698
533699
533701
533705
533706
533708
533709
533711
533713
533715
533716
533717
533725
533727
533728
533732
533733
533736
533742
533744
533746
533747
533751
533752
533753
533774
619903
619967
619976
619987
619997
620013
620022
620025
620062
719044
719056
719058
719066
719078
719088
719089
719106
719122
719136
719155
719169
719170
719178
719183
719186
719200
719228
719230
719233
719399
719418
719484
719490
719588
755089
755091
755092
755093
755094
755095
755097
755098
755099
755100
755101
755102
755103
755104
755109
755111
755114
755115
755116
755123
755124
755127
755131
843326
843332
897537
897549
897551
897576
897582
897591
897597
897603
897605
897608
897633
897658
897692
897703
897705
897735
897740
897743
897745
897763
897770
934660
934661
934664
934673
934682
934697
992858
994355
1089703
1089709
1089711
1089724
1089732
1089740
1089741
1089751
1089795
1089797
1089805
1089806
1089807
1089809
1089810
1089811
1089816
1089818
1089819
1089820
1089821
1089822
1089823
1089831
1089833
1089835
1089836
1089842
1089848
1116569
1116575
1282793
1284136
1327993
1571455
1742543
1742545
1742546
1742547
1742569
1742575
1742587
1742591
1742594
1742595
1742596
1742597
1742598
1742599
1742600
1742601
1742602
1742603
1742604
1742605
1742606
1742607
1742609
1742614
1742616
1742628
1742638
1742644
1742648
1778422
1778460
1778465
1778527
1778535
1778568
1907794
1907795
1907801
1907806
1907866
2013675
2039334
2311348
2311473
2350154
2369515
2435879
2435904
2435906
2435907
2435908
2435909
2435913
2435925
2435926
2467640
2467656
2467669
2467679
2467680
2467695
2467699
2528456
2613123
2613140
2613141
2655044
2742706
2742710
2742711
2742712
2742714
2742715
2742716
2742718
2742763
2742766
2742767
2742791
2785087
2785105
2835404
2835523
2835565
2867518
2951163
3004056
3056039
3056053
3056735
3056760
3057204
3057207
3080957
3080966
3080968
3080987
3080989
3080996
3081026
3081032
3081066
3081071
3081076
3081077
3081080
3115118
3115293
3115439
3221329
3244317
3244340
3275366
3275370
3275392
3275398
3275401
3275425
3542975
3543011
3543028
3543263
3543264
3543265
3543312
3543317
3543354
3543533
3543538
3543542
3543598
3543711
3567014
3567016
3567128
3567133
3567147
3567159
3602307
3602308
3602313
3602314
3602320
3602321
3602323
3602347
3602355
3602368
3602375
3602382
3602393
3602416
3602419
3602431
3602451
3602459
3602572
3602844
3602890
3602892
3631956
3631983
3632001
3632009
3632028
3632041
3632045
3632134
3632322
3664749
3664762
3664765
3664826
3664843
3801205
4062835
4062838
4062847
4062850
4062854
4062859
4062938
4062972
4063030
4063039
4063047
4063844
4098484
4098492
4098498
4098524
4098528
4098535
4098538
4098541
4098542
4098548
4098552
4127626
4153630
4153637
4153647
4153650
4153651
4153655
4153658
4275565
4275581
4275583
4275620
4275672
4275711
4275713
4275735
4275738
4275827
4275828
4275932
4275933
4275977
4275985
4276011
4276023
4276079
4276081
4276084
4276103
4276112
4276117
4276129
4276137
4276144
4315703
4315710
4345363
4345454
4394601
4394612
4394618
4394790
4395123
4424303
4424304
4424331
4424332
4424342
4648387
4859288
4859374
4859422
4859434
4894766
4894767
4894770
4894774
4982050
4982114
4982548
4982563
4982565
4982575
5094175
5094187
5094203
5094205
5094220
5094237
5094269
5094270
5094271
5094295
5094303
5094318
5094319
5094321
5094337
5094338
5094339
5094343
5094347
5094358
5094363
5177663
5244096
5244247
5244251
5244253
5244263
5244270
5244281
5244297
5244331
5244333
5244355
5244361
5244365
5244386
5244416
5244420
5244452
5244471
5244472
5244480
5263976
5263984
5264009
5264029
5264031
5264039
5264052
5264145
5264162
5264163
5264180
5264217
5264221
5273183
5273529
5357951
5358244
5358753
5359268
5551763
5551766
5551786
5551793
5551901
5551922
5552026
5552081
5552082
5552085
5552096
5552191
5552437
5552457
5552510
5552578
5552700
5552740
5552741
5552742
5552743
5552744
5552745
5552747
5552749
5552750
5552814
5552816
5552817
5552818
5655645
5655678
5655734
5655735
5655913
5683153
5683412
5683497
5683700
5835448
5835480
5866712
5866728
5866732
5866733
5866736
5866795
5866867
5866934
5958221
5958472
5958476
5958479
5985386
5985387
5985397
5985404
5985405
5985409
5985410
5985412
5985413
5985414
5985415
6039472
6039478
6039480
6039484
6039493
6039509
6039527
6075041
6075042
6075048
6076025
6076143
6076144
6076198
6076215
6076236
6076260
6076536
6076556
6076568
6132832
6254693
6282890
6282906
6282907
6282908
6282909
6282910
6282932
6282940
6282942
6282945
6282946
6282948
6282949
6282950
6282951
6282953
6282956
6282957
6282971
6282980
6282981
6388799
6389049
6389058
6390615
6390616
6393042
6393107
6393117
6393118
6393119
6393121
6393122
6393123
6393131
6393132
6393133
6393135
6393136
6393150
6449337
6449339
6449344
6449345
6449346
6449348
6449351
6449352
6449354
6449355
6449377
6449378
6449379
6449380
6449381
6449384
6449385
6449386
6449387
6449388
6449389
6449390
6449392
6506805
6506806
6506807
6506808
6506809
6506810
6506811
6506814
6506815
6506816
6506817
6506818
6506819
6506820
6506821
6506822
6506823
6506824
6506825
6506826
6506827
6506829
6506830
6506831
6506832
6506833
6506834
6506835
6506836
6506837
6506838
6506839
6533375
6533386
6533397
6533399
6533401
6533406
6533408
6533409
6533411
6533417
6533420
6533425
6533439
6550716
6550729
6550901
6550937
6550939
6551186
6551489
6553296
6555399
6555537
6608604
6608696
6608698
6608761
6634685
6634700
6634756
6634849
6634856
6634880
6634954
6635032
6635035
6635072
6635073
6635111
6635122
6781415
6781423
6810183
6810188
6810189
6810190
6810191
6810192
6810193
6810194
6810195
6810197
6810200
6810201
6810202
6810203
6810210
6810211
6810231
6810232
6810234
6810239
6810242
6810243
6810247
6810250
6810252
6810253
6810254
6810255
6810256
6810257
6810258
6810265
6810268
6810269
6810270
6810271
6810273
6810282
6866091
6866092
6866093
6866095
6866292
6866308
6866314
6866316
6866317
6866324
6866326
6866327
6866328
6866331
6866333
6866334
6866339
6866342
6866348
6866349
6866354
6866368
6866369
6866370
6866372
6866373
6866374
6866377
6866379
6866389
6866393
6981891
6981898
6981900
6981902
6981917
6981920
6981921
7008741
7025871
7025881
7025888
7026024
7026043
7026045
7026049
7026084
7026117
7026118
7026146
7026180
7026192
7026196
7026204
7026205
7026207
7026212
7026215
7026236
7026244
7026249
7026253
7026262
7026288
7246398
7306434
7306611
7415537
7415560
7415639
7415654
7415691
7415692
7415694
7415706
7415708
7415710
7415718
7415722
7415729
7415749
7415759
7415763
7415777
7415781
7415788
7415863
7415877
7415892
7415896
7415907
7415925
7415929
7415945
7415992
7501279
7501281
7501282
7501284
7501285
7501286
7501287
7501288
7501289
7501290
7501292
7501293
7501294
7501318
7501341
7501345
7501349
7501350
7501351
7501360
7693859
7693865
7693866
7693867
7693868
7693870
7693871
7693875
7693876
7693879
7693887
7693895
7693917
7693928
7693933
7693934
7693947
7693980
7693988
7693994
7693997
7693999
7694000
7694008
7694011
7694014
7694017
7694018
7694025
7694026
7694027
7694039
7694057
7719674
7719691
7779835
7779854
7779872
7779874
7779877
7779878
7779879
7779880
7779882
7779885
7779897
7779901
7779907
7779910
7779911
7779915
7779917
7865304
7988613
7988779
8047547
8047554
8047555
8047557
8047561
8047565
8047570
8049179
8072377
8072378
8072379
8072380
8072384
8072385
8072386
8072390
8072391
8072392
8101339
8101340
8101345
8101346
8101354
8101359
8101361
8101366
8101367
8101370
8101373
8101375
8101381
8101382
8101383
8101389
8101412
8101436
8101443
8101444
8101446
8101500
8101510
8101532
8101557
8101597
8151089
8151450
8151486
8169493
8169499
8169513
8169521
8169579
8172477
8172482
8172599
8420728
8420770
8420782
8420794
8420837
8420838
8420846
8420860
8420872
8420885
8564934
8564936
8564941
8564954
8621624
8621716
8621765
8621773
8622191
8668229
8668237
8668249
8668278
8668290
8668302
8668304
8668307
8668318
8668321
8668322
8668323
8668329
8668341
8668359
8668382
8668398
8668414
8668464
8668469
8668491
8668510
8668524
8668531
8668532
8668544
8668555
8668559
8668564
8668572
8668593
8668659
8668664
8668666
8668921
8773837
8773847
8773857
8773859
8773865
8773866
8773867
8773868
8773869
8773870
8773873
8773875
8773876
8773879
8773880
8773881
8773882
8773892
8773893
8773894
8773895
8773920
8773921
8773923
8773928
8773929
8773946
8805434
8805449
8805462
8805485
8805620
8805627
8805655
8805658
8805664
8805698
8805718
8805720
8805772
8806072
8827326
8827341
8827363
8827365
8827381
8827987
8828129
8828138
8828157
8828161
8949415
8995708
8995783
8995805
8995816
8995936
8995943
8995957
8995958
8995965
8996001
8996003
8999362
8999637
8999681
8999758
9000759
9001284
9025027
9025037
9025038
9025039
9025044
9025059
9025062
9025072
9354864
9354866
9354867
9354868
9354871
9354872
9354889
9354902
9355120
9355121
9355125
9355126
9355172
9355177
9355178
9355179
9355180
9355185
9355186
9355187
9355188
9355189
9355190
9355191
9355192
9355194
9355195
9355196
9355197
9355198
9355199
9355200
9355201
9355206
9355207
9355210
9355211
9355212
9355213
9355215
9355216
9355217
9355218
9382002
9382100
9382133
9382896
9382937
9523680
9523697
9549255
9549335
9549370
9549486
9550466
9669592
9699202
9728357
9728399
9728410
9728454
9758667
9780574
9850635
9850676
9850776
9850806
9850837
9850838
9850850
9850867
9850883
9850891
9850901
9850907
9851051
9851615
9851620
9852612
9852613
9852614
9852615
9852618
9852619
9852620
9930820
9930838
9930845
9930849
9930856
9930868
9930915
9930943
10009375
10056480
10056512
10056539
10117017
10117753
10117761
10117763
10117764
10117765
10117766
10117768
10194132
10194154
10194550
10194575
10221178
10221217
10221224
10221282
10221285
10221292
10221293
10243532
10243559
10243640
10243656
10243664
10243666
10243667
10243673
10243685
10243961
10243975
10244004
10264126
10265497
10265638
10265960
10265961
10265965
10265968
10265969
10265970
10265971
10265972
10265973
10265974
10266054
10299051
10299559
10341183
10367799
10367800
10367803
10367804
10367805
10367806
10367807
10367808
10367809
10367810
10367811
10367812
10367813
10367814
10367815
10367817
10367820
10367821
10367823
10367824
10367825
10367826
10367827
10367828
10367829
10367831
10367832
10367837
10367838
10367847
10367849
10367850
10367851
10367852
10367853
10367854
10367855
10367856
10367857
10367858
10367859
10367860
10367861
10367862
10367863
10367864
10367865
10367866
10367868
10367869
10367870
10367871
10367872
10367873
10367874
10367875
10367876
10367877
10367880
10367881
10367882
10367883
10367884
10367885
10367886
10367887
10367889
10367890
10367891
10367893
10367894
10367895
10367896
10367897
10367898
10367899
10367900
10367901
10367902
10367904
10367905
10367906
10367907
10367908
10367909
10367910
10367912
10367913
10367914
10367915
10367916
10367917
10367918
10367919
10367920
10367921
10367922
10367923
10367924
10367925
10367926
10367927
10367928
10367939
10421697
10421698
10421699
10421700
10421701
10421702
10421703
10421704
10421705
10421706
10421707
10421708
10421709
10421710
10421711
10421712
10421713
10421714
10421715
10421716
10421717
10421718
10421719
10421720
10421721
10421722
10421723
10421724
10421725
10421726
10421727
10421728
10421729
10421730
10421731
10421732
10421733
10421734
10421735
10421736
10421737
10421738
10421740
10421743
10421744
10421745
10421746
10421747
10421748
10421749
10421750
10421751
10421752
10421753
10421754
10421755
10421756
10421757
10421758
10421759
10421760
10421761
10421762
10421763
10421764
10421765
10421766
10421767
10421768
10421769
10421770
10421771
10421772
10421773
10421774
10421775
10421776
10421777
10421778
10421779
10421782
10421784
10421786
10421787
10421788
10421789
10421790
10421791
10421792
10421793
10421795
10421797
10464595
10466546
10512104
10512113
10512506
10512693
10558722
10558750
10599518
10623919
10623924
10623943
10623949
10623950
10623954
10623980
10623981
10624003
10644930
10693943
10747839
10813641
10848297
10856825
10856910
10857151
10857202
10857304
10857369
10897769
10897832
10971131
10971204
10971212
10971220
10971221
10971225
10971317
10971330
10971332
10971335
10971336
10971352
10971355
10971358
10971419
10971426
10971427
10971430
10971433
10971451
10971455
10971466
10971468
10971471
10971472
10971473
10971474
10971480
10971486
10971489
10971494
10971497
10999052
11000734
11000812
11000866
11000919
11000925
11001134
11071484
11071485
11071486
11071487
11071488
11071489
11071490
11071491
11071493
11071497
11071499
11071544
11086143
11086168
11159926
11160203
11160222
11160230
11160233
11160475
11162165
11162186
11162535
11184939
11185014
11317352
11317501
11415451
11466162
11466163
11466164
11466165
11514117
11514161
11514167
11514245
11514301
11514321
11514336
11514349
11514378
11514400
11514697
11515470
11515552
11515560
11515566
11515575
11515582
11515596
11515600
11515601
11566394
11566396
11566397
11670625
11670632
11751359
11751365
11751375
11751502
11807628
11807658
11807659
11807682
11807685
11807714
11807754
11807827
11807847
11807852
11807857
11897389
11897398
11897743
11897744
11897747
11897748
11897749
11897750
11897751
11897752
11897753
11897754
11897756
11897758
11897759
11897760
11897761
11897762
11897764
11897766
11897768
11897770
11897771
11897772
11897773
11897774
11897775
11897776
11897777
11897779
11897781
11897782
11897783
11897784
11897785
11897786
11897787
11897789
11897790
11897791
11897792
11897793
11897794
11897795
11897796
11897797
11897798
11897799
11897800
11897801
11897802
11897803
11897805
11897806
11897807
11897808
11897809
11897810
11897811
11897812
11897813
11897814
11897815
11897816
11897817
11897818
11897819
11897820
11897821
11897822
11897823
11897825
11897826
11897827
11897828
11922165
12088673
12088674
12088675
12088676
12103919
12104530
12104964
12105039
12202340
12202466
12250149
12250150
12250151
12250152
12250153
12250154
12250156
12451579
12452168
12452276
12452383
12452386
12452438
12452586
12452628
12468347
12468408
12468427
12468459
12468577
12468614
12468654
12495774
12514154
12536983
12537065
12537069
12667732
12672533
12672538
12672539
12686587
12686591
12686596
12686599
12686606
12714631
12714696
12715143
12715360
12795590
12795592
12795593
12795594
12795595
12795596
12795597
12795598
12795600
12795601
12795602
12795603
12795607
12853962
12855075
12873326
12873327
12873330
12873331
12873332
12873333
12873334
12873335
12873340
12873341
12873342
12873343
12873344
12873345
12873346
12873347
12873348
12873349
12873350
12873353
12873354
12873355
12873356
12873358
12873359
12873360
12873361
12873363
12873364
12873365
12873366
12873367
12873368
12873371
12873372
12873373
12873375
12873376
12873377
12873378
12873379
12873383
12873385
12873390
12873391
12873393
12873395
12873396
12873397
12873398
12873399
12873401
12873402
12873403
12892508
12961557
13037927
13038230
13038238
13038779
13260723
13260726
13260727
13260728
13260729
13260731
13260732
13260733
13260734
13260740
13260745
13260747
13260749
13260750
13260796
13260799
13260800
13260802
13260804
13260809
13260811
13260816
13260820
13260825
13260833
13260838
13260839
13260840
13260842
13260843
13260846
13260847
13260849
13260855
13260857
13260861
13260864
13260866
13260869
13260873
13260876
13260881
13260883
13260886
13260888
13260889
13260890
13279924
13279926
13279930
13279931
13279933
13279934
13279935
13279960
13279961
13279962
13279963
13279964
13279965
13279968
13313849
13378182
13378216
13378302
13378710
13378712
13378713
13412087
13412089
13412095
13412096
13412097
13412098
13412112
13412114
13412115
13412118
13412120
13412121
13412122
13412124
13412125
13412129
13412130
13412131
13412132
13606602
13700652
13700658
13774590
13774618
13774622
13774670
13774875
13774878
13774888
13774895
13774909
13774912
13774914
13774917
13774923
13774934
13774936
13774937
13774945
13774952
13782675
13782704
13782725
13920177
13920180
13976045
